4250	139676723
12843	8105449
12843	71383303
12843	112019140
12843	143904861
12843	207769094
12843	2777910473
12843	2778892041
12843	2779686989
12843	2780110794
12843	2780580290
12843	2781142589
20288	129876436
20288	189798948
20288	193718343
20288	2776299590
20288	2778160666
37253	52033473
37253	2781254263
37417	81732049
39854	2779142841
40700	7668479
40700	16520705
40700	25328781
40700	33556415
40700	55004796
40700	78173224
40700	79179835
40700	80799131
40700	101472132
40700	105138414
40700	121398111
40700	129631789
40700	142821946
40700	143057031
40700	145351099
40700	155739000
40700	176311302
40700	180456769
40700	196276664
40700	516990006
40700	2775887864
40700	2776005671
40700	2776266046
40700	2776598745
40700	2776736423
40700	2776797986
40700	2776811488
40700	2777098679
40700	2777463520
40700	2778283776
40700	2778747415
40700	2778782607
40700	2778852234
40700	2778890260
40700	2779242095
40700	2779284651
40700	2779366248
40700	2779474039
40700	2779590342
40700	2780196998
40700	2780310872
40700	2780319827
40700	2780664888
40700	2780681036
40700	2780682613
40700	2780757686
40700	2781090088
40700	2781198186
40700	2781367065
40700	2781407128
42812	35995877
42812	58896106
42812	93552971
42812	126789939
42812	130153862
42812	143559376
42812	2777323800
42812	2777613428
51460	8245965
51460	8346251
51460	13730304
51460	32952772
51460	41220328
51460	80672880
51460	90984967
51460	2780907442
56764	40101653
56764	44812077
56764	194848291
58166	1883856
58166	5041914
58166	6420306
58166	17212007
58166	29470771
58166	39728382
58166	42011625
58166	44211194
58166	50759314
58166	51566761
58166	86602344
58166	115755159
58166	127385683
58166	140073362
58166	147474479
58166	148671577
58166	172438850
58166	193885149
58166	195975749
58166	207341534
58166	513722997
58166	2777062324
58166	2778377616
58166	2778526241
58166	2778799050
58166	2778818458
58166	2779076511
58166	2779462638
58166	2780362852
58166	2780576740
58166	2780839723
58166	2781116046
58166	2781278839
58166	2781356984
65469	17005505
65469	114997826
65469	134534054
65469	196557870
65469	2777535471
65469	2778453759
78727	136042522
78727	157033734
94940	21739780
94940	36277308
94940	127299034
94940	146783285
94940	163353815
94940	2776043399
94940	2777002643
94940	2781025710
116537	23922727
116537	56961345
116537	65945069
116537	85268846
116537	2776643224
116537	2778323519
116537	2779743996
117644	69246242
118716	2781209164
120639	140356686
125748	129235324
125748	2776949345
141036	33860177
154618	92508793
182566	2781238342
188897	2781000956
195839	6834376
195839	102701049
195839	2777505154
195839	2778549348
212702	135451112
212702	159540593
212702	190540093
212702	200769187
212702	2776011472
259533	2778907466
259533	2779257110
290404	71571650
294558	47681835
294558	51336717
294558	129877065
294558	135400555
294558	183388755
294558	191236761
294558	2778654791
311688	1634158
311688	6319563
311688	24604422
311688	26389778
311688	39637292
311688	71017364
311688	91331118
311688	99140742
311688	100469373
311688	117885697
311688	197685441
311688	2776013622
311688	2776033624
311688	2776617150
311688	2776840705
311688	2777110149
311688	2777449258
311688	2777636804
311688	2778674934
311688	2779862694
311688	2780235641
311688	2780878606
311688	2781251248
322993	33506833
322993	101716001
336617	191334599
339426	170899376
339426	2779449553
339426	2779871187
387366	2779016756
387366	2781204192
389152	97920573
389152	2775915820
389152	2779490177
389152	2781106566
411171	2780113209
413212	2778013410
423512	5979214
423512	37415627
423512	54089160
423512	57101690
423512	104708988
423512	2775872633
423512	2776127450
423512	2776208950
423512	2776390421
423512	2776417682
423512	2776756539
423512	2777229195
423512	2777939980
423512	2780148753
423512	2780668390
427163	85454566
438757	2558915
438757	2780931676
451841	59061988
451841	71832216
451841	73413767
451841	110956428
451841	183735805
451841	189326492
451841	196351127
451841	205960476
451841	503427281
451841	541182425
451841	541256628
451841	541409800
459310	76752949
459310	137119250
459310	157977623
459310	2778098995
459310	2778726979
459310	2779034551
459310	2780414537
472806	176049440
472806	2777851990
472806	2779940166
486523	16838498
486523	47849319
486523	144654837
486523	156217769
486523	2776267955
486523	2779922079
486523	2781014878
486523	2781219336
487182	2777658277
489000	32372590
489000	88468194
489000	2777832147
489000	2780471654
489367	2778055162
489367	2779701549
512196	63443662
527307	52226264
527307	107779570
527307	111582010
527307	111764370
527307	120255206
527307	137990359
527307	142388331
527307	162131142
527307	2776298355
527307	2776487565
527307	2777367169
560191	19232455
560191	46528657
560191	74676632
560191	95968471
560191	142874826
560191	166311969
560191	200342125
560292	202796686
570499	20724563
570499	124577441
571446	101303905
571446	2775934185
607359	16287357
612350	48427663
612350	58112919
627467	29373527
627467	53688716
627467	86108249
627467	2778387332
629919	2779912457
633612	108991148
633612	111236755
668760	106432739
668760	130148452
668760	180567365
668760	181575753
668760	507981020
668760	538133343
668760	2776825973
668760	2777538862
668760	2778150733
668760	2778236249
668760	2779687131
668760	2780097137
668760	2780400009
673006	12021080
673006	101990758
673006	125870589
673006	2776129494
673006	2777286569
673006	2778588143
673006	2780787237
680638	2776935635
689293	17077939
710854	46176010
710854	69199318
710854	2777779770
716847	24943206
739882	137524506
739882	169029474
739882	2776810492
751236	2775913940
753383	147797502
765897	45037764
765897	117304351
765897	158459576
765897	176005199
765897	195179211
765897	196645515
768646	93082080
768646	144403538
774472	95623464
775475	87090992
775475	2781429970
777992	36602379
777992	38695641
777992	86855206
784079	79251048
807232	2775854836
832551	171900002
832551	520409616
854659	45746551
854659	166782233
854659	2776835077
854659	2779035128
854659	2779778729
854659	2780328082
871022	438757
871022	5903758
871022	10767094
871022	15153049
871022	22540661
871022	83160514
871022	106996143
871022	113789861
871022	134122466
871022	151532515
871022	152268414
871022	160147972
871022	172119930
871022	190258466
871022	2777064031
871022	2780126693
871022	2780856821
898592	2780998982
927094	60511073
927094	96199931
927094	157560385
927094	2780662705
943373	66901998
943373	127400637
943373	201779775
956191	141440757
956191	2778642392
957061	2781048416
964641	2777412847
975526	2777522507
986699	51040755
986699	62897925
986699	102107297
986699	123576220
986699	154808844
986699	2780429900
992767	61901602
992767	112944719
992767	189408692
994546	2779074529
994546	2780117105
994952	82067656
1008401	26655454
1008401	2779390809
1009742	12276045
1009929	91587340
1009929	2776184366
1033296	146326630
1034443	15046436
1034443	42021957
1034443	59158912
1034443	83415686
1034443	90638607
1034443	148008966
1034443	151174772
1034443	165850701
1034443	505695854
1034443	2776206962
1034443	2776370381
1034443	2776386334
1034443	2776595424
1034443	2776864675
1034443	2777424210
1034443	2777979986
1034443	2778015630
1034443	2778497198
1034443	2778911068
1034443	2778912395
1034443	2779121813
1034443	2779221374
1034443	2780014956
1034443	2780323088
1039755	2776173921
1039755	2776176941
1039755	2776237627
1039755	2776927911
1039755	2777426200
1039755	2777491762
1039755	2777855161
1039755	2778091340
1039755	2778464720
1039755	2779687435
1039755	2781108600
1040795	17348537
1040795	40226289
1040795	2779473476
1040795	2779951848
1102183	2777149944
1102183	2777506671
1102183	2777748543
1102183	2778789064
1102183	2779518991
1102183	2779667832
1102183	2781048585
1122143	10335311
1122143	30862142
1122143	34400551
1122143	63180777
1122143	159545944
1122143	2776166907
1122143	2776326515
1122143	2776472990
1122143	2776811555
1122143	2776880894
1122143	2777977013
1122143	2778017087
1122143	2778501154
1122143	2779053737
1122143	2779090179
1122143	2779452591
1122143	2780310851
1122143	2780476121
1122143	2780855720
1122143	2781082844
1122143	2781107978
1124016	107394920
1124016	170603348
1124016	193478032
1124016	2776626169
1124016	2777992457
1124016	2780408918
1135709	89992363
1135709	547719051
1135709	2775973333
1135709	2779217906
1135709	2779271702
1135709	2779619764
1135709	2780741106
1174398	9936039
1199943	90357287
1220278	505529905
1220278	518528333
1223959	157321605
1244910	70448142
1244910	149692037
1244910	2777124940
1244910	2778642038
1244910	2781253139
1244910	2781269824
1274191	60344647
1276947	219583
1276947	322993
1276947	832551
1276947	1012414
1276947	1382245
1276947	1489048
1276947	1517167
1276947	1620739
1276947	1707232
1276947	2741474
1276947	2917558
1276947	2931709
1276947	3038340
1276947	3051879
1276947	4385035
1276947	4397270
1276947	4459446
1276947	4727063
1276947	4839761
1276947	4874668
1276947	5072461
1276947	5381373
1276947	6405472
1276947	6472966
1276947	6835196
1276947	7794099
1276947	7901566
1276947	7910260
1276947	8801270
1276947	8894824
1276947	9411552
1276947	9836676
1276947	9971290
1276947	10393806
1276947	11494860
1276947	12287442
1276947	13303506
1276947	13483470
1276947	14257148
1276947	15759828
1276947	16307800
1276947	16768706
1276947	17352008
1276947	17599544
1276947	17967879
1276947	18246116
1276947	18321214
1276947	19123756
1276947	19269812
1276947	19444555
1276947	19720800
1276947	22713304
1276947	22997286
1276947	23233353
1276947	24019870
1276947	24389824
1276947	24911777
1276947	25188466
1276947	25453261
1276947	25587389
1276947	25761169
1276947	26258745
1276947	26405456
1276947	26429261
1276947	26441638
1276947	26993612
1276947	27065467
1276947	27638517
1276947	28215138
1276947	29110201
1276947	29552662
1276947	29587023
1276947	29705727
1276947	29801213
1276947	29829512
1276947	30518091
1276947	30655165
1276947	30849920
1276947	30918449
1276947	30935985
1276947	31390161
1276947	31493567
1276947	32224563
1276947	32291908
1276947	32449521
1276947	32471682
1276947	32891209
1276947	33178731
1276947	33584711
1276947	33947775
1276947	34397231
1276947	34468078
1276947	34623782
1276947	35766210
1276947	36293798
1276947	36365805
1276947	37324193
1276947	37649242
1276947	37752432
1276947	38560851
1276947	38935664
1276947	39578229
1276947	39955878
1276947	40117522
1276947	40407289
1276947	40524364
1276947	40903801
1276947	41074950
1276947	41642174
1276947	41750620
1276947	43147651
1276947	43157870
1276947	43711488
1276947	43860565
1276947	43867161
1276947	43950175
1276947	44146597
1276947	45298090
1276947	46061668
1276947	46119213
1276947	46669857
1276947	47028484
1276947	47201272
1276947	47642990
1276947	48621419
1276947	48862479
1276947	49225644
1276947	49412807
1276947	50425793
1276947	50612270
1276947	50693072
1276947	50805821
1276947	51244244
1276947	51493423
1276947	51496488
1276947	51530852
1276947	51689786
1276947	52348108
1276947	53170788
1276947	53607300
1276947	53802167
1276947	53970728
1276947	54116275
1276947	54159787
1276947	54792079
1276947	54881348
1276947	55504214
1276947	55519028
1276947	55716149
1276947	56324269
1276947	57489055
1276947	58142911
1276947	58149601
1276947	58431541
1276947	58633564
1276947	58650310
1276947	59375849
1276947	59897751
1276947	59913269
1276947	60327585
1276947	60365795
1276947	60808876
1276947	61797465
1276947	61979231
1276947	61989556
1276947	62317724
1276947	62869609
1276947	63251189
1276947	63560123
1276947	64417066
1276947	64828349
1276947	65091487
1276947	66047690
1276947	66110749
1276947	66197712
1276947	66541005
1276947	66720852
1276947	67137099
1276947	67231502
1276947	67242440
1276947	67267119
1276947	68124633
1276947	68271606
1276947	68337447
1276947	68693881
1276947	68944897
1276947	69309466
1276947	69523719
1276947	69819522
1276947	70026782
1276947	70352696
1276947	70458706
1276947	71140485
1276947	72422203
1276947	72591435
1276947	72598276
1276947	72688512
1276947	72886185
1276947	73329638
1276947	74219105
1276947	74248516
1276947	74261601
1276947	74662306
1276947	74880916
1276947	75211307
1276947	75319497
1276947	76772093
1276947	77169459
1276947	77286989
1276947	77304879
1276947	78586090
1276947	79896159
1276947	80029992
1276947	80447705
1276947	81182388
1276947	81253797
1276947	81462258
1276947	81502235
1276947	81646568
1276947	82472440
1276947	83053163
1276947	83260615
1276947	83621551
1276947	83711947
1276947	83748436
1276947	84174578
1276947	84291770
1276947	84643079
1276947	84795859
1276947	84853838
1276947	84967159
1276947	84999194
1276947	85063601
1276947	85148207
1276947	85181434
1276947	85267360
1276947	85478520
1276947	85659524
1276947	85885044
1276947	86021447
1276947	86098488
1276947	86597896
1276947	87052748
1276947	87101326
1276947	87585026
1276947	87630818
1276947	88130309
1276947	88575799
1276947	88991977
1276947	89235233
1276947	89528596
1276947	90989042
1276947	91508313
1276947	91965453
1276947	92150305
1276947	92195417
1276947	92851284
1276947	93642007
1276947	93977446
1276947	94026978
1276947	94081185
1276947	94151396
1276947	94598645
1276947	95373548
1276947	95526234
1276947	96033338
1276947	96141758
1276947	96715074
1276947	98176478
1276947	98444146
1276947	98536072
1276947	98834579
1276947	98851261
1276947	98887418
1276947	99742106
1276947	100980267
1276947	101173217
1276947	101957632
1276947	102306995
1276947	102900547
1276947	103135179
1276947	103888896
1276947	104060986
1276947	104074863
1276947	104545631
1276947	104892082
1276947	105130158
1276947	106048912
1276947	106125477
1276947	106737743
1276947	106907065
1276947	106915046
1276947	107195362
1276947	107218244
1276947	107632101
1276947	107832098
1276947	108320909
1276947	108411613
1276947	108884401
1276947	109139448
1276947	109467177
1276947	109699482
1276947	109792285
1276947	109896348
1276947	110363677
1276947	110472602
1276947	111089792
1276947	111309251
1276947	112197492
1276947	112470493
1276947	112795245
1276947	112915567
1276947	112931104
1276947	112969597
1276947	113461152
1276947	113549205
1276947	114386696
1276947	114619694
1276947	114700698
1276947	114709205
1276947	115163371
1276947	116188536
1276947	116403925
1276947	116903202
1276947	116953426
1276947	117107535
1276947	117309347
1276947	117740565
1276947	117954924
1276947	118121272
1276947	118396296
1276947	118506226
1276947	118514812
1276947	119498932
1276947	119923195
1276947	120548695
1276947	120921667
1276947	120926249
1276947	121058079
1276947	121535716
1276947	122450576
1276947	122523270
1276947	123031363
1276947	124017977
1276947	124040477
1276947	124200008
1276947	124219066
1276947	124476145
1276947	125947574
1276947	126691448
1276947	127090403
1276947	127532173
1276947	127592171
1276947	127623845
1276947	127770441
1276947	127776414
1276947	128694598
1276947	128964735
1276947	129001420
1276947	129372148
1276947	129716092
1276947	130160567
1276947	130383907
1276947	130447185
1276947	130635790
1276947	130700731
1276947	130716518
1276947	130726490
1276947	131040042
1276947	131713476
1276947	131733238
1276947	131954021
1276947	132096540
1276947	132771110
1276947	133001704
1276947	133725777
1276947	133750247
1276947	133769301
1276947	134222618
1276947	134853933
1276947	135736735
1276947	136021498
1276947	136181188
1276947	138363810
1276947	139125579
1276947	139221323
1276947	139250206
1276947	139658958
1276947	139832601
1276947	140087890
1276947	140551693
1276947	140619461
1276947	142163382
1276947	142670403
1276947	142757262
1276947	142814610
1276947	143344356
1276947	143906210
1276947	144456356
1276947	144948157
1276947	144961208
1276947	145015628
1276947	145584381
1276947	146108839
1276947	146867326
1276947	147798420
1276947	148189969
1276947	148554410
1276947	148608567
1276947	148691999
1276947	148827160
1276947	149041335
1276947	149277555
1276947	149373453
1276947	149792144
1276947	149924296
1276947	150007171
1276947	150143219
1276947	150174693
1276947	150180205
1276947	150739758
1276947	150792531
1276947	150846664
1276947	151130387
1276947	151325931
1276947	151363903
1276947	151818239
1276947	152213855
1276947	152551177
1276947	152579397
1276947	153381392
1276947	153397881
1276947	153465967
1276947	153523229
1276947	154031645
1276947	154951115
1276947	155008239
1276947	155137682
1276947	155790721
1276947	155832589
1276947	156695909
1276947	157083588
1276947	157579737
1276947	158128106
1276947	158284977
1276947	158355884
1276947	158825107
1276947	159176650
1276947	159249277
1276947	159737794
1276947	159912088
1276947	161094284
1276947	161142120
1276947	161421721
1276947	161691468
1276947	161813005
1276947	162147374
1276947	162184086
1276947	162725370
1276947	163368183
1276947	163531172
1276947	163798798
1276947	164353373
1276947	164630570
1276947	164663123
1276947	164715094
1276947	165129702
1276947	165377118
1276947	165743212
1276947	165816108
1276947	166126730
1276947	166496512
1276947	166689943
1276947	166726635
1276947	167524899
1276947	168089676
1276947	168337030
1276947	168991595
1276947	169139839
1276947	169715780
1276947	169848565
1276947	169871373
1276947	169915972
1276947	170079324
1276947	170222088
1276947	170836239
1276947	170853661
1276947	170969544
1276947	171040187
1276947	172796168
1276947	173913448
1276947	174333608
1276947	174385678
1276947	175369904
1276947	175527776
1276947	175551801
1276947	175906036
1276947	177321328
1276947	177994039
1276947	179691212
1276947	180119722
1276947	180302676
1276947	181422744
1276947	181762993
