37	203050901
37	1610897565
37	1926703596
37	1983428783
37	2037594219
37	2037636494
37	2087982311
37	2092363726
37	2232592944
37	2313072105
108	583459574
108	643248926
108	1520342355
108	1580980889
108	1603043449
108	2155007194
108	2507231141
125	1564733196
125	1970185999
125	2048600620
125	2098055837
125	2121773050
138	2248661014
147	132242577
147	1973725016
147	2084894991
147	2091764496
147	2156953029
197	159684453
197	1989071300
197	1997169500
197	2063600874
197	2069451240
197	2108577913
197	2137678865
197	2323584920
266	130047935
266	2237031874
266	2243522839
285	276792666
285	1492699563
285	1520371289
285	1763172769
285	1858297169
285	1927681354
285	1964727676
285	1995469248
285	1999085637
285	2013408108
285	2015737426
285	2016542542
285	2018972369
285	2040316568
285	2042492557
285	2050616752
285	2056882964
285	2061103307
285	2064950142
285	2072254691
285	2073569197
285	2078846963
285	2090581953
285	2098554896
285	2101916205
285	2102564210
285	2119651780
285	2125726383
285	2125784812
285	2127278384
285	2128720819
285	2131160516
285	2136596860
285	2156573743
285	2156664926
285	2169165406
285	2174024475
285	2181986281
285	2233572874
285	2254894065
285	2297591535
285	2479910694
285	2599572130
285	2600355890
285	2602720324
417	169276664
417	248386418
417	1493491511
417	1525970148
417	1527311855
417	1539818770
417	1543243786
417	1569703086
417	1583269973
417	1598226182
417	1606352672
417	1977633095
417	1989342711
417	1994161251
417	1994740826
417	2000735937
417	2003407712
417	2005138264
417	2007965578
417	2013601309
417	2018326853
417	2039283193
417	2044779067
417	2053120142
417	2060842938
417	2073039690
417	2080647889
417	2095654817
417	2101419153
417	2123438112
417	2128992662
417	2135492276
417	2162106818
417	2162213353
417	2165119581
417	2178271086
417	2511452895
417	2764627239
504	83370325
504	383424133
504	656118525
504	1592753467
504	1973650623
504	1975827167
504	1983037841
504	1987330806
504	1992700406
504	1994580485
504	2000584576
504	2010845666
504	2013705176
504	2017989492
504	2018149625
504	2046475927
504	2054326490
504	2057634070
504	2064678732
504	2073956087
504	2082936324
504	2087029423
504	2087903275
504	2107173974
504	2107451404
504	2108480759
504	2113777663
504	2121326151
504	2130709712
504	2151112601
504	2274856047
504	2329231773
504	2426628677
504	2502118165
504	2561961490
524	1963551315
524	1966546336
524	1969463469
524	1974258467
524	1991706692
524	1998431958
524	2006096228
524	2013020636
524	2040122837
524	2065624282
524	2087857662
524	2092350708
524	2162492745
524	2326461905
524	2562312460
524	2564807395
524	2565888356
524	2567265145
527	133116225
527	1969072069
527	1972565234
527	2004155474
527	2011187155
527	2033638000
527	2035509880
527	2039974792
527	2044392809
527	2049535504
527	2052776501
527	2068846844
527	2086485269
527	2087140323
527	2098869086
527	2102979143
527	2114634962
527	2119369921
527	2126326107
527	2134270369
527	2137408480
527	2139805666
527	2145784628
527	2147254207
527	2158997638
527	2166628162
527	2412071387
527	2417286127
527	2418108914
527	2498161871
536	89970263
536	1964787088
536	1976348759
536	1995589162
536	2010695730
536	2020511705
536	2029000333
536	2037372977
536	2070403981
536	2074962555
536	2075547638
536	2082505512
536	2085819344
536	2101200143
536	2105924554
536	2112035455
536	2120397217
536	2137568169
536	2140657290
536	2150494204
536	2159827469
587	125816956
587	658557185
587	1964317701
587	1968472516
587	1972948751
587	1988218481
587	2009338844
587	2023386051
587	2029005811
587	2041722902
587	2049791850
587	2067462428
587	2090365931
587	2110402679
587	2271561464
587	2572171410
587	2802566744
616	1560608945
616	2001101048
616	2131195436
616	2313827278
662	108023951
662	135626185
662	256200116
662	1510586846
662	1515154566
662	1554265226
662	1565875071
662	1577428813
662	1579488798
662	1584363353
662	1600831053
662	1712111403
662	1922988348
662	1938357936
662	1965139526
662	1967644451
662	1972483550
662	1974242032
662	1977043847
662	1985482060
662	1991040714
662	1992241356
662	1993066151
662	2002381110
662	2009364795
662	2009519472
662	2011085786
662	2011756986
662	2015335326
662	2020050621
662	2022695637
662	2031132431
662	2032861606
662	2034709575
662	2036451979
662	2043716682
662	2048046765
662	2050957422
662	2051960692
662	2057339673
662	2059865797
662	2062244355
662	2062784077
662	2063513460
662	2064003458
662	2064918098
662	2065071768
662	2067510391
662	2070736640
662	2071648828
662	2085479336
662	2091155804
662	2095090793
662	2098906642
662	2104409085
662	2105952767
662	2130870786
662	2131265830
662	2141090121
662	2142579897
662	2147670958
662	2173982319
662	2196335236
662	2270081126
662	2277997581
662	2280503798
662	2325940308
662	2340505485
662	2400484520
662	2403368238
662	2413055825
662	2413063882
662	2415226784
662	2418507516
662	2419263728
662	2425189312
662	2472363084
697	2046020433
763	117192379
763	126741968
763	134541578
763	389589487
763	1526091749
763	1586322970
763	1610171353
763	1965079780
763	1966158120
763	1968745068
763	1972042412
763	1973147563
763	1981540621
763	1982817186
763	1986979395
763	1993755785
763	2003376509
763	2006488171
763	2015333749
763	2026591700
763	2032720688
763	2041365012
763	2043825012
763	2058609863
763	2087148429
763	2115599659
763	2145517994
763	2336047139
763	2468374966
763	2798078005
782	2403929975
787	346302534
787	565664993
787	575145591
787	586241917
787	588653305
787	607515379
787	622593866
787	1487227074
787	1498877513
787	1534912541
787	1543464385
787	1583233071
787	1586740785
787	1594419124
787	1752060802
889	1971588822
889	2006096061
889	2065548762
889	2073800121
889	2077582363
889	2159295318
889	2320314997
889	2321952297
889	2333999155
1091	164448069
1091	2005687710
1091	2018037215
1091	2339183141
1091	2425100736
1119	981120144
1119	1548971597
1119	2249577989
1176	196529404
1176	298386294
1176	1000260304
1176	1526276479
1176	1535763608
1176	1608259131
1176	2256848860
1273	6895217
1273	261248086
1273	1637310729
1273	1974103061
1273	1979114185
1273	1988419897
1273	1996618351
1273	1998683445
1273	2000565417
1273	2001771381
1273	2007399026
1273	2027290781
1273	2027461335
1273	2028156914
1273	2037030893
1273	2062796294
1273	2064152792
1273	2071045870
1273	2076125371
1273	2093026567
1273	2111456067
1273	2130448443
1273	2133371793
1273	2145030690
1273	2148975224
1273	2155586849
1273	2162373006
1273	2170839121
1273	2180801317
1273	2278644826
1273	2293560021
1273	2560680404
1273	2622827844
1276	649124891
1276	1980468266
1276	2004839186
1276	2035772440
1276	2041213182
1276	2069721871
1276	2084661285
1276	2097094404
1276	2515012861
1314	1963630065
1314	1967371485
1314	2036176314
1314	2338096844
1322	271925916
1322	603960429
1322	636136929
1322	1496669578
1322	1507705355
1322	1575105366
1322	1848250256
1322	1970599531
1322	1987994297
1322	2059261348
1322	2327672435
1358	1480755202
1358	1530163559
1358	2198097235
1358	2227639133
1358	2229807094
1358	2231813979
1358	2241477098
1358	2241680336
1358	2270019275
1358	2286004232
1358	2297919922
1358	2398416094
1358	2400186499
1358	2400343373
1358	2401865658
1358	2406446080
1358	2410529312
1358	2419169460
1358	2817145888
1358	2818396146
1358	2820553416
1358	2845925868
1467	312057351
1467	602585306
1467	654522005
1467	1802351145
1467	1926407423
1467	1974059059
1467	1977304284
1467	1985655574
1467	1985697680
1467	1986985899
1467	1988497302
1467	1992019289
1467	1995598684
1467	1997175896
1467	1998542894
1467	1999229276
1467	2025560639
1467	2028210839
1467	2028463500
1467	2031455889
1467	2039841937
1467	2043825319
1467	2044597643
1467	2047654985
1467	2050991019
1467	2054252033
1467	2054375105
1467	2055053885
1467	2076509140
1467	2082373769
1467	2082569277
1467	2093646703
1467	2116360511
1467	2138278483
1467	2144044941
1467	2146726961
1467	2318595692
1467	2418905964
1467	2420973424
1467	2480456336
1512	1481972466
1552	3187946
1552	1970071418
1552	1976727071
1552	1991414521
1552	2001741437
1552	2019981456
1552	2038981972
1552	2045255776
1552	2057649835
1552	2075170423
1552	2122907545
1552	2130329035
1552	2150563550
1552	2412021318
1554	30453812
1554	176734062
1554	1554004763
1554	1858546573
1554	1938911325
1554	2072749131
1556	1969205887
1556	1981017337
1556	1991476106
1556	2000378367
1556	2035340572
1556	2076097635
1556	2088852968
1556	2089549462
1556	2109002659
1556	2144664601
1632	161344108
1632	1987630909
1632	1992609400
1632	2027007077
1632	2039194744
1632	2061233142
1632	2155963087
1674	1535888970
1674	1911859795
1674	1992876689
1674	1993710814
1674	2031694507
1674	2035653341
1674	2043970887
1674	2087778487
1674	2094478046
1674	2100468662
1674	2110331535
1674	2120448006
1674	2138624212
1674	2149970020
1674	2150266006
1674	2296384428
1688	135167722
1688	1560724230
1688	1979575715
1688	1986968751
1688	1988518729
1688	1999996900
1688	2108122190
1688	2109181216
1688	2114001875
1688	2156909104
1688	2169660794
1688	2423293082
1688	2542730104
1727	2243991223
1739	1491619236
1739	1980212322
1739	2082996361
1739	2104182588
1739	2164689991
1857	88697912
1857	125628930
1857	206763757
1857	1515024165
1857	1524362788
1857	1529706846
1857	1592975616
1857	1885440769
1857	1963930226
1857	1981589859
1857	1998401668
1857	1999211036
1857	2019012842
1857	2028525401
1857	2031935887
1857	2034390950
1857	2038237381
1857	2058368366
1857	2072395291
1857	2072572921
1857	2088084607
1857	2121234754
1857	2138270253
1857	2150036310
1857	2156600465
1857	2167673850
1857	2209382899
1858	189470242
1858	1490679314
1858	1990104949
1858	2026555421
1858	2046078839
1858	2083512834
1858	2083803858
1858	2093552645
1957	1519057218
1957	1779735989
1957	1967154014
1957	2059991034
1957	2063786443
1957	2111223826
1957	2147342997
1957	2553945548
1974	641858384
1974	1608219026
1974	1966969301
1974	1972201115
1974	1980826097
1974	2002164766
1974	2002312709
1974	2042897145
1974	2046249282
1974	2059010941
1974	2060078477
1974	2106634268
1974	2128257270
1974	2173762544
1974	2287574192
1974	2401068533
1974	2406237764
1974	2413224699
1974	2414245122
2012	1539787498
2012	1675645623
2012	2111129565
2012	2257641653
2012	2400200664
2012	2827296342
2092	119842661
2092	582532810
2092	1509557895
2092	1601738049
2092	2004048900
2092	2146764994
2092	2410078592
2123	21298242
2123	1561578992
2123	1623616740
2123	1789309174
2123	2137379765
2123	2226785859
2123	2857161407
2178	123680162
2178	228371189
2178	568755550
2178	569812810
2178	584473941
2178	1487374890
2178	1608859705
2178	1907470333
2178	1964870177
2178	1966999326
2178	1977306199
2178	1980699781
2178	1981721809
2178	1982144855
2178	1989488976
2178	1989497247
2178	1990879972
2178	1991303296
2178	1995612603
2178	1997100977
2178	2002355906
2178	2004013653
2178	2009405855
2178	2014217660
2178	2015112312
2178	2016669639
2178	2026506841
2178	2026671345
2178	2027368198
2178	2027583689
2178	2029729881
2178	2033671236
2178	2036364504
2178	2039920935
2178	2040803423
2178	2043014130
2178	2054199133
2178	2062385318
2178	2063056805
2178	2065216329
2178	2070479652
2178	2071595182
2178	2071677541
2178	2072797093
2178	2073840397
2178	2074648762
2178	2077804945
2178	2077969720
2178	2079383505
2178	2079835545
2178	2080190981
2178	2081533067
2178	2081540345
2178	2082654447
2178	2085816689
2178	2085826525
2178	2089416971
2178	2089542971
2178	2092647893
2178	2093672475
2178	2099902147
2178	2128384464
2178	2129523254
2178	2132624309
2178	2166642329
2178	2254235911
2178	2281573794
2208	1988238823
2208	2012575234
2208	2098294680
2208	2127142456
2361	21336203
2361	155952631
2361	617736495
2361	1981359081
2361	2010449071
2361	2052689336
2361	2081228936
2361	2104869547
2361	2110357361
2361	2112181799
2361	2131857427
2361	2136805131
2361	2140621043
2361	2148301771
2361	2155955242
2370	151352386
2370	456594645
2370	592890544
2370	617570245
2370	632568478
2370	1964941906
2370	1982548158
2370	2007712884
2370	2478863596
2370	2481765391
2370	2524616181
2412	569307512
2412	600441956
2412	647967293
2412	1503619370
2412	1540933854
2412	1599690209
2412	1984901792
2412	1988240765
2412	1990250219
2412	1996065794
2412	2000499635
2412	2002345142
2412	2006621514
2412	2011824355
2412	2018744459
2412	2021586347
2412	2027241486
2412	2032234328
2412	2038007619
2412	2038506923
2412	2049327278
2412	2067131691
2412	2069857260
2412	2077742072
2412	2083319565
2412	2083403957
2412	2088385198
2412	2091090750
2412	2131186670
2412	2148641093
2412	2150468871
2412	2155643382
2412	2156622618
2412	2167078766
2412	2168981692
2412	2179098100
2412	2319959581
2412	2343466942
2412	2501166589
2468	60604217
2468	966523946
2468	974714736
2468	1014286354
2468	1014381304
2468	1218318566
2468	1482093074
2468	1483910661
2468	1496869845
2468	1538520448
2468	1580357235
2468	1593626374
2468	1623935953
2468	1763588906
2468	1829302647
2468	1947611611
2468	2152448533
2468	2198386752
2468	2201248420
2468	2242588602
2468	2262034850
2468	2272008420
2468	2274028528
2468	2274202251
2468	2282393063
2468	2300550426
2468	2357112818
2468	2871240104
2678	22297218
2678	99698053
2678	102349577
2678	115094547
2678	177260854
2678	191926918
2678	1497256448
2678	1509643880
2678	1514174647
2678	1528493742
2678	1541456364
2678	1545277881
2678	1551597463
2678	1552444893
2678	1556625939
2678	1573706465
2678	1577839078
2678	1582422851
2678	1586880825
2678	1588022204
2678	1590684677
2678	1590824230
2678	1835103677
2678	1912531130
2678	1932538605
2678	1972111963
2678	1984214648
2678	1984314602
2678	1993750641
2678	1994925058
2678	1995341919
2678	2006976248
2678	2008879046
2678	2021756902
2678	2026161499
2678	2033323247
2678	2041065774
2678	2041905826
2678	2044707908
2678	2044961839
2678	2046917168
2678	2056384440
2678	2057344096
2678	2073984231
2678	2074610805
2678	2087008794
2678	2088579924
2678	2095193717
2678	2098915749
2678	2104072208
2678	2105291362
2678	2106533942
2678	2108704847
2678	2116871363
2678	2122183751
2678	2122609529
2678	2128084896
2678	2135943618
2678	2140361415
2678	2144343387
2678	2245376116
2678	2320240661
2678	2486226271
2678	2569064389
2678	2624262714
2678	2766023407
2678	2795987274
2678	2798374369
2878	1644960119
2878	1977157110
2878	2004152688
2878	2013530437
2878	2027601021
2878	2041822426
2878	2068056613
2878	2069644348
2878	2071697063
2878	2090439331
2878	2157227820
2878	2313055354
2878	2339787942
2930	1524276460
2930	1546858340
2930	1867101610
2930	2209911344
2930	2274128996
3009	618991820
3009	2025037532
3009	2082074621
3009	2169947127
3015	1492522106
3015	1538339221
3015	1550602550
3015	2087064593
3015	2091257550
3015	2142590813
3015	2483011398
3027	1545791720
3027	1577710383
3027	2166978092
3027	2278034777
3027	2278132141
3027	2293808740
3027	2397172467
3027	2412292264
3066	11445608
3066	25250444
3066	178491067
3066	196883080
3066	261859139
3066	1481112340
3066	1535483247
3066	1543378885
3066	1562008267
3066	1563427902
3066	1596160021
3066	1597936383
3066	1914820210
3066	1921834724
3066	1936222415
3066	1966100365
3066	1980801250
3066	1981700814
3066	1997743593
3066	2032967610
3066	2034364783
3066	2047563690
3066	2070095638
3066	2073328751
3066	2074652905
3066	2117983550
3066	2127966599
3066	2133476536
3066	2139033805
3066	2215329342
3066	2272641897
3066	2287610845
3066	2400366385
3066	2401684662
3066	2411382212
3066	2411385814
3066	2414914430
3066	2416928114
3112	33025114
3112	44137767
3112	48843706
3112	93941207
3112	125399548
3112	149123379
3112	180501528
3112	182549923
3112	242394189
3112	243021102
3112	255369345
3112	265948046
3112	266712391
3112	275991124
3112	290226268
3112	301956812
3112	312923095
3112	382625086
3112	1484524229
3112	1493716157
3112	1507386713
3112	1518638857
3112	1669984422
3112	1700627741
