paper	fos	similarity
297354461	41008148	0.424386
297354461	80444323	0.430896223
297354461	54829058	0.514757633
297354461	126255220	0.430655479
297354461	16635281	0.494603366
297354518	104504180	0.547664762
297354518	62649853	0.42063266
297354518	74478641	0.47719115
297354518	2779669469	0
297354518	1034443	0.4433827
297354518	104267543	0.404568017
297354518	146978453	0.4033598
297354518	127413603	0.3558497
297354546	36759035	0.5015413
297354546	194945478	0.4289833
297354546	55766333	0.536482334
297354546	182671461	0.494165719
297354546	2779371384	0.4878982
297354546	501529594	0.477823764
297354546	178790620	0.413604379
297354546	206139338	0.448757321
297354546	40875361	0.5287153
297354546	185592680	0.378340453
297354557	180747234	0.437265962
297354557	68784500	0.484654874
297354557	15744967	0.409338057
297354600	512185932	0.469796717
297354600	148785051	0.5457777
297354600	130316041	0.515447557
297354600	2776991684	0.495135069
297354600	2777756961	0.465082079
297354600	2779133857	0.445130557
297354600	22885893	0.4935855
297354600	55493867	0.415624857
297354600	57600042	0.4950294
297354600	185592680	0.289813578
297354606	555293320	0.4228382
297354606	142724271	0.4247533
297354606	71924100	0.404428422
297354626	161191863	0.445267171
297354626	44877443	0.7561148
297354626	43141900	0.575658858
297354626	19417346	0.453439057
297354626	41008148	0.412821174
297354701	141071460	0.4403363
297354701	71924100	0.346971065
297354749	50126897	0.640181065
297354749	184779094	0.437687337
297354749	121332964	0.3808754
297354749	46141821	0.452621132
297354749	131538251	0.611377537
297354766	3305159	0.705542862
297354766	153349607	0.42746067
297354766	142362112	0.4088873
297354794	178790620	0.434964746
297354794	185592680	0.402798653
297354828	113461152	0.470139235
297354828	1276947	0.223515734
297354828	185592680	0.135601223
297354869	2781053568	0.62275666
297354869	142724271	0.420984268
297354869	203014093	0.428970337
297354869	71924100	0.3648321
297354899	2777448050	0.486360937
297354899	44154836	0.4501801
297354899	114094675	0.407904029
297354899	148834064	0.540585
297354899	127413603	0.404382527
297354899	119823426	0.478009343
297354920	2777035695	0.48846525
297354920	16005928	0.337277323
297354920	2776732256	0.4042406
297354920	77595967	0.3037658
297354920	192562407	0.3006552
297354986	41036726	0.775951743
297354986	57863822	0.807714343
297354986	39528615	0.7703274
297354986	176649486	0.7710435
297354986	133875982	0.7491133
297354986	31258907	0.444667935
297354986	74426580	0.7976758
297354986	153247305	0.7391305
297354986	41008148	0.390154332
297354986	51290061	0.7777713
297355040	171525042	0.5224703
297355040	120330832	0.477161944
297355040	19417346	0.446296632
297355040	17744445	0.428095
297355063	143701427	0.43244642
297355063	159750122	0.424970448
297355063	123552892	0.4186797
297355063	113578266	0.509690642
297355063	50516716	0.427681476
297355063	55493867	0.3425556
297355063	181199279	0.36337778
297355063	86803240	0.240980759
297355063	178666793	0.4150041
297355092	33923547	0.4563221
297355092	9376300	0.474721819
297355092	202444582	0.4612767
297355256	173651095	0.4474724
297355256	2778363333	0.7082909
297355256	137580998	0.422007
297355256	147273371	0.474085122
297355256	144027150	0.4424331
297355256	39432304	0.3409893
297355256	104727253	0.430007547
297355256	128758860	0.469577
297355256	34771814	0.4620799
297355256	6557445	0.436330616
297355288	86803240	0.273766249
297355288	149923435	0.30283758
297355288	18903297	0.275190383
297355288	2778261623	0.382044882
297355301	2777617010	0.5324677
297355301	2779975665	0.459350884
297355301	551968917	0.542466164
297355301	2780502288	0
297355301	15708023	0.452313
297355301	17744445	0.462471575
297355408	37914503	0.297608942
297355408	2776443958	0.422485381
297355408	138885662	0.278014421
297355503	198124995	0.708904147
297355503	105152959	0.755890965
297355503	122962297	0.6537349
297355503	74211669	0.536376655
297355503	165005293	0.6572226
297355503	2776096036	0.5787011
297355503	194491627	0.782594442
297355503	76155785	0.381264448
297355503	105344744	0.70666033
297355503	121332964	0.30255577
297355572	42219234	0.375508577
297355572	2777354188	0.526639938
297355572	68463220	0.410139382
297355572	79699506	0.438531637
297355572	2778162923	0.5493586
297355572	185592680	0.226481929
297355577	160735492	0.485947
297355577	194828623	0.4216133
297355577	19648533	0.6520506
297355577	204787440	0.4289916
297355577	107130276	0.495228767
297355577	168563851	0.5282788
297355577	141330323	0.577105939
297355577	2780724011	0.455313474
297355577	2776914243	0.43808344
297355577	2777310092	0.4793211
297355577	71924100	0.419837981
297355591	2779915640	0.43521902
297355591	2778483317	0
297355591	2776077829	0.463800371
297355591	2778369598	0.421099156
297355591	144027150	0.3477294
297355591	2775976403	0.416789949
297355591	126343540	0.4041841
297355591	2781451173	0.430975348
297355591	86803240	0.233113885
297355591	6557445	0.3388635
297355606	2777448050	0.46436134
297355606	49774154	0.429205745
297355606	2778780117	0.546634138
297355606	199033989	0.4578807
297355606	554936623	0.601429641
297355606	124952713	0.423412323
297355606	10050518	0.4297994
297355606	41008148	0.394005418
297355627	3116431	0.459577382
297355627	68476402	0.460529983
297355627	13200473	0.434360564
297355627	121658072	0.440117329
297355627	47177190	0.5385522
297355627	111476811	0.4627122
297355627	205649164	0.399291128
297355665	24397518	0.717534244
297355665	203637571	0.7342317
297355665	45747243	0.7285616
297355665	6138904	0.7239831
297355665	113102252	0.7363085
297355665	146199129	0.707253933
297355665	192562407	0.304368526
297355665	21651689	0.7030448
297355665	161181893	0.7158676
297355665	120665830	0.415549755
297355665	24326235	0.393003643
297355669	185592680	0.4220075
297355669	75473681	0.4489592
297355669	178790620	0.4436028
297355669	123669783	0.479731172
297355669	139066938	0.498425722
297355669	179104552	0.449629366
297355678	186229450	0.5775415
297355678	138921699	0.4562008
297355678	95457728	0.443567783
297355722	29829512	0.516383231
297355722	6405472	0.46043396
297355722	2777720157	0.4724056
297355722	65244806	0.425882161
297355722	17500928	0.465311736
297355722	182310444	0.406410754
297355722	13662910	0.470535547
297355722	167123822	0.538460732
297355722	76969082	0.42450586
297355722	127413603	0.345207334
297355734	22378518	0.427251548
297355734	172427765	0.489048451
297355734	39432304	0.4372382
297355734	2777428918	0.455267817
297355734	164749845	0.518820763
297355734	185933670	0.422115982
297355734	91375879	0.448314
297355734	137176749	0.441943437
297355734	64229544	0.517728031
297355864	542948173	0.56517446
297355864	47768531	0.4650713
297355864	34355311	0.5602882
297355864	158886217	0.47235474
297355864	555826173	0.5615205
297355864	68346564	0.556074
297355864	17744445	0.4550618
297355864	94625758	0.5490342
297355911	204530211	0.352902561
297355911	2778849375	0.4661729
297355911	92217149	0.61857444
297355911	114793014	0.4191483
297355911	12294951	0.45900476
297355911	2777746296	0.420891672
297355911	127313418	0.440512478
297356032	77805123	0.462112546
297356032	68346564	0.5184
297356032	107062074	0.601343036
297356032	75630572	0.4624243
297356032	17744445	0.451622784
297356032	36727532	0.5535731
297356096	95457728	0.465502858
297356096	95124753	0.4591562
297356130	138331895	0.4592596
297356130	27564746	0.4468776
297356130	21547014	0.432937
297356130	530198007	0.4397174
297356130	81060104	0.515208662
297356130	82753439	0.4706795
297356130	109168655	0.484904647
297356130	50335755	0.5153897
297356130	2776039514	0.463877559
297356130	127413603	0.3747459
297356137	28328180	0.4830546
297356137	2780007613	0.6515051
297356137	2777063308	0.479960024
297356137	2779559532	0.481960624
297356137	109159458	0.5244338
297356137	2776914184	0.496137321
297356137	203014093	0.362035155
297356137	153385146	0.545539558
297356137	71924100	0.227583364
297356137	2780525284	0.593705356
297356204	31903555	0.357415438
297356204	82339955	0.483267248
297356204	46328234	0.481713682
297356204	42360764	0.327505559
297356204	2781202762	0.5515627
297356204	153385146	0.547606
297356204	185592680	0.314938664
297356321	2522767166	0.407298684
297356321	71472368	0.491875976
297356321	41008148	0.373334944
297356356	14262774	0.467662215
297356356	138336922	0.4827892
297356356	77805123	0.419120818
297356356	67203356	0.5128404
297356356	15744967	0.411319256
297356405	195766429	0.367903233
297356405	545943180	0.480117053
297356405	107872376	0.388665676
297356405	47663296	0.420713961
297356405	112570922	0.4323786
297356405	2779033419	0.365602255
297356405	185592680	0.3056693
297356438	28490314	0.447695822
297356438	41008148	0.450145781
297356472	2777810591	0.477165729
297356472	512399662	0.4325593
297356472	178229462	0.597555
297356472	96865113	0.427205
297356472	109260823	0.4514001
297356472	71924100	0.390617251
297356511	2778401633	0.450671166
297356511	2775838275	0.46161437
297356511	2778760513	0.4576208
297356511	134018914	0.3616101
297356511	126322002	0
297356511	2778356392	0.490834951
297356511	2777180221	0.439007968
297356511	2776151105	0.450040936
297356511	2778163477	0.432151377
297356511	2780485761	0.480759948
297356511	86803240	0.224425972
297356523	2775859304	0.5266472
297356523	134018914	0.457462817
297356523	2779571634	0
297356523	126322002	0
297356523	555293320	0.430577874
297356523	178853913	0.405669063
297356523	86803240	0.272493422
297356534	15744967	0.4370416
297356534	75630572	0.4459357
297356534	145420912	0.447025567
297356534	19417346	0.46112752
297356534	10050518	0.5677501
297356556	71923881	0.436036021
297356556	46011968	0.623071969
297356556	21959979	0.4207421
297356556	110875604	0.420938075
297356556	125583679	0.62495774
297356556	97854310	0.585696
297356556	124101348	0.4540232
297356556	19889080	0.6158464
297356556	41008148	0.42751807
297356603	507981020	0.527454
297356603	54286561	0.416516542
297356603	39432304	0.373340577
297356603	2778962692	0.5786639
297356652	92718894	0.6508944
297356652	24872484	0.477674365
297356652	93779851	0.60365
297356652	101555633	0.5375888
297356652	130230704	0.552641869
297356652	74650414	0.436150581
297356652	50335755	0.5390696
297356652	115260700	0.4965283
297356652	58290451	0.5558786
297356652	121332964	0.3952894
297356679	170154142	0.329280019
297356679	2777956518	0.5994723
297356679	39432304	0.3027379
297356776	150903083	0.406089276
297356776	161176658	0.476069361
297356776	126831891	0.461800724
297356776	25761633	0.435684234
297356776	197321923	0.479366034
297356776	2522874641	0.42734164
297356776	86803240	0.3501649
297356776	6557445	0.418542922
297356852	179104552	0.4553748
297356852	185592680	0.416613877
297356852	175583648	0.5005273
297356852	150394285	0.5341553
297356852	43411465	0.3639488
297356852	178790620	0.439072639
297356852	161790260	0.502639532
297356852	92880739	0.435616225
297356852	11268172	0.557237
297357045	86909935	0.6191974
297357045	168857316	0.6335505
297357045	505870484	0.432752222
297357045	158278297	0.488078058
297357045	141896089	0.577606857
297357045	2778658382	0.5337735
297357045	39432304	0.347989678
297357169	126838900	0.397285521
297357169	143753070	0.4325975
297357169	2779278165	0.502003133
297357169	71924100	0.3591354
297357172	139722471	0.5615338
297357172	126955663	0.662075162
297357172	65244806	0.443381578
297357172	22597639	0.6217688
297357172	17500928	0.463591
297357172	177502760	0.465900272
297357172	137685913	0.5933362
297357172	85899133	0.6114281
297357172	133731056	0.412910968
297357172	158622935	0.475918263
297357172	33923547	0.3279922
297357307	2780048723	0.5032742
297357307	127413603	0.294278055
297357307	24326235	0.3265254
297357307	120665830	0.3420359
297357307	2779383134	0.485672235
297357358	31903555	0.427667618
297357358	144133560	0.349623352
297357358	513059894	0.6061316
297357358	2776477769	0.534415245
297357358	129361004	0.407164365
297357362	144027150	0.285451084
297357362	2776527163	0.384680182
297357362	86803240	0.244587243
297357412	24667770	0.3864191
297357412	36289849	0.352531582
297357412	144024400	0.3837694
297357413	2776756539	0.52218163
297357413	4311470	0.480327755
297357413	150048076	0.520160854
297357413	68189081	0.45633918
297357413	2777374301	0.545041561
297357413	423512	0.4744837
297357413	59269787	0.502180755
297357413	105923489	0.470924765
297357413	548081761	0.408811957
297357413	127413603	0.3307155
297357480	187212893	0.295992523
297357480	95457728	0.266503364
297357600	54016721	0.623393536
297357600	2780956279	0.4790541
297357600	177322064	0.390624344
297357600	2778260006	0.577801
297357600	8138999	0.651623845
297357600	61441594	0.424389958
297357600	150199151	0.42929
297357600	555451288	0.5587077
297357600	13965031	0.419004858
297357600	185592680	0.325339556
297357606	138921699	0.337688446
297357606	95457728	0.324885339
297357703	2777162435	0.6093995
297357703	36289849	0.4521228
297357703	17744445	0.466813236
297357906	161840515	0.3810708
297357906	58640448	0.310289174
297357906	2775933685	0.35539633
297357906	95457728	0.2949776
297357918	142669718	0.478489965
297357918	153911025	0.4025084
297357918	86803240	0.283989966
297357918	20418707	0.4789801
297357918	389152	0.5238979
297357918	104292427	0.519384146
297357918	502942594	0.390749872
297357918	84425145	0.5059464
297357918	11960822	0.5000524
297357918	2776414213	0.4624445
297357918	178666793	0.4646224
297357956	81089528	0.3967781
297357956	144024400	0.333961844
297357956	2549261	0.3518643
297358004	2779306644	0.5355594
297358004	2781283889	0.5514122
297358004	2779922275	0.5040886
297358004	2781184683	0.497626245
297358004	2780349322	0.5268916
297358004	2779829184	0.491881967
297358004	2781232474	0.6010878
297358004	2778313320	0.5262216
297358004	126322002	0
297358004	134018914	0.3975147
297358004	71924100	0.333139449
297358097	49774154	0.4255779
297358097	2780126544	0.489469022
297358097	120912362	0.474033356
297358097	193596192	0.4215095
297358097	2780805685	0.4910961
297358097	41008148	0.39188844
297358206	115903868	0.4302646
297358206	127413603	0.396703839
297358242	136264566	0.399464816
297358242	127142870	0.587883651
297358242	162324750	0.3801043
297358428	73484699	0.4443378
297358428	2780105426	0.584958
297358428	93377909	0.468064278
297358428	538168058	0.54096204
297358428	60643870	0.508925
297358428	17744445	0.45112887
297358588	126867156	0
297358588	512399662	0.4384364
297358588	71924100	0.405071825
297358588	187736073	0.414854527
297358633	110354214	0.436412781
297358633	21547014	0.429636121
297358633	127413603	0.398056328
297358680	121608353	0.419971615
297358680	42219234	0.362841
297358680	1862650	0.372523338
297358680	14184104	0.5643239
297358680	71924100	0.317210138
297358772	111226992	0.4136192
297358772	513323569	0.454050362
297358772	29694066	0.41735515
297358772	502991105	0.5258959
297358772	71924100	0.364253521
297358791	126348684	0.2932324
297358791	185592680	0.262494534
297358791	54286561	0.264029771
297358797	159047783	0.34728384
297358797	177713679	0.335667
297358797	2779288629	0.405424535
297358797	2776703206	0.521852851
297358797	2777334864	0.482244283
297358797	2778980435	0.498749524
297358797	2778355172	0.562127054
297358797	501593827	0.5118073
297358797	71924100	0.273468941
297358797	2778977604	0.559369564
297358797	2776938444	0.505520046
297358810	554144382	0.3287765
297358810	142362112	0.309471369
297358851	15744967	0.432074457
297358851	70410870	0.4724908
297358851	19417346	0.433990538
297358851	500440147	0.443622231
297358851	178229462	0.5157281
297358920	2780138947	0.428380221
297358920	180429540	0.429855317
297358920	39432304	0.328928173
297358920	157005057	0.5365565
297358920	54286561	0.436048776
297358920	6557445	0.440100968
297358946	142816520	0.5207503
297358946	191935318	0.4250772
297358946	162324750	0.368673742
297358946	2779653078	0.5594624
297358946	66809384	0.464895219
297358946	2777534865	0.4634303
297358946	66204764	0.426686168
297358946	41866144	0.429571867
297358946	39853841	0.49973166
297358946	50522688	0.4100494
297358957	2779947927	0.460075945
297358957	199539241	0.3433214
297358957	17744445	0.3094609
297359039	111368507	0.352692127
297359039	42475967	0.331249833
297359039	127413603	0.3214864
297359183	48243021	0.527255356
297359183	201995342	0.456508577
297359183	2779575090	0.407920122
297359183	188087704	0.5591355
297359183	42475967	0.44598636
297359183	98143201	0.518465161
297359183	123657996	0.5281741
297359183	127413603	0.433382332
297359208	542102704	0.452810258
297359208	70410870	0.4537434
297359208	15744967	0.437556922
297359346	557945733	0.43827337
297359346	179518139	0.405989945
297359346	41008148	0.407519
297359346	41550386	0.514567137
297359346	120314980	0.459712356
297359346	73989555	0.4636602
297359346	79403827	0.45999366
297359384	540791928	0.6261301
297359384	51067260	0.6017519
297359384	44877443	0.7472813
297359384	65916561	0.7353646
297359384	151416629	0.64494133
297359384	19417346	0.465819746
297359384	17744445	0.433491766
297359384	1631582	0.4180038
297359384	184827183	0.637086451
297359391	2779760920	0.502413452
297359391	19067145	0.542051256
297359391	137488568	0.494799018
297359391	108225325	0.498152137
297359391	2781128178	0.540293634
297359391	153385146	0.5175096
297359391	182762160	0.4878963
297359391	31500677	0.5400188
297359391	192562407	0.370738149
297359391	24326235	0.401144564
297359421	117671659	0.469236881
297359421	101826366	0.6300259
297359421	180539650	0.5834183
297359421	2778939432	0.57875216
297359421	523214423	0.558159351
297359421	127413603	0.42575857
297359696	170053440	0.445327342
297359696	2780853383	0.4967003
297359696	199639397	0.3216301
297359696	159985019	0.355174959
297359696	127413603	0.258512944
297359741	201995342	0.395800978
297359741	6929976	0.5484589
297359741	42475967	0.390980482
297359741	41008148	0.376151949
297359747	195324797	0.6948456
297359747	2779313563	0.5832591
297359747	204321447	0.4562997
297359747	2779388314	0.5560286
297359747	88610354	0.4499641
297359747	41895202	0.459114671
297359747	26022165	0.623376
297359747	41008148	0.425763428
297359747	154945302	0
297359759	2779501167	0.5174446
297359759	47768531	0.442766339
297359759	2778444522	0.5071664
297359759	178495626	0.6625577
297359759	115314567	0.562210739
297359759	190974861	0.6400799
297359759	55112680	0.5078039
297359759	182566	0.450659335
297359759	17744445	0.4520877
297359759	2779010840	0.5053942
297359759	199539241	0.431350768
297359762	2779876028	0.42825067
297359762	204530211	0.3728817
297359762	137488568	0.492513448
297359762	192562407	0.3853892
297359762	49040817	0.39930138
297359762	54956558	0.422147721
297359762	24326235	0.401441455
297359765	153294291	0.265758753
297359765	121332964	0.227387667
297359765	554144382	0.3135173
297359782	159750122	0.473295182
297359782	28631016	0.43467176
297359782	187320778	0.441290438
297359782	172427765	0.5093738
297359782	186295008	0.49973163
297359782	100187453	0.495479822
297359782	24939127	0.47587958
297359782	39432304	0.388282657
297359796	2779687537	0.515223265
297359796	2778455923	0.439127654
297359796	90924648	0.394804418
297359796	165901193	0.408388317
297359796	142724271	0.408669353
297359796	2776225656	0.462408274
297359796	126322002	0
297359796	86803240	0.3417933
297359816	177322064	0.381213874
297359816	46805990	0.445928365
297359816	541523362	0.450754076
297359816	185592680	0.314965039
297359861	159047783	0.295027465
297359861	95457728	0.25665313
297359957	2777340834	0.567493
297359957	178790620	0.3580622
297359957	185592680	0.336644
297360019	2777826127	0.486703217
297360019	175762713	0.490212053
297360019	2776034101	0.4566265
297360019	2776737852	0.5640951
297360019	162324750	0.4299091
297360019	3116431	0.455436915
297360019	2776234507	0.5704202
297360019	160151201	0.5055872
297360019	94625758	0.492287
297360019	2777351106	0.546665549
297360052	110379092	0.5462868
297360052	186720457	0.5144632
297360052	9180747	0.5198415
297360052	165611974	0.4467426
297360052	164913051	0.47584942
297360052	15708023	0.454217851
297360052	15744967	0.4588601
297360053	164195044	0.511441767
297360053	135628077	0.573402345
297360053	133731056	0.441559851
297360053	41008148	0.379582047
297360130	144133560	0.40610835
297360130	145097563	0.5069564
297360130	38652104	0.423298478
297360130	162853370	0.416188926
297360130	2778813691	0.5012185
297360131	185592680	0.404851824
297360131	112887158	0.484188
297360131	537181965	0.467086047
297360131	71240020	0.40456906
297360131	2779607525	0.410900533
297360131	179104552	0.433033884
297360131	181819025	0.413080543
297360131	145148216	0.4504676
297360136	40382383	0.571895361
297360136	185975314	0.4315005
297360136	153294291	0.4402199
297360136	114466953	0.44026053
297360136	157331469	0.5059259
297360136	121332964	0.361961931
297360159	49545453	0.6358855
297360159	138885662	0.412633419
297360159	19266351	0.4033406
297360159	15708023	0.442590564
297360159	107038049	0.4257903
297360159	123657996	0.60826087
297360159	36289849	0.4542748
297360188	192562407	0.236238509
297360188	141071460	0.3525059
297360258	81978471	0.5609121
297360258	65492689	0.434483856
297360258	96122199	0.542850137
297360258	184892835	0.5258673
297360258	6532628	0.525601447
297360258	104267543	0.432540447
297360258	2778156585	0.481215358
297360258	62191587	0.508277833
297360258	76155785	0.433974475
297360258	127413603	0.312462926
297360258	24326235	0.439333081
297360276	127313418	0.320876122
297360276	17409809	0.32806012
297360276	199289684	0.3468158
297360282	29456083	0.352840126
297360282	2776983459	0.6525632
297360282	71924100	0.365246624
297360300	83104080	0.4877707
297360300	204322289	0.458114535
297360300	56200935	0.58338
297360300	107706546	0.4546633
297360300	199639397	0.319274038
297360300	154954056	0.4609311
297360300	118143372	0.5519864
297360300	127413603	0.263358116
297360300	159985019	0.37075597
297360399	73484699	0.4443586
297360399	15744967	0.429416925
297360412	10138342	0.4473558
297360412	2776330005	0.55437
297360412	144133560	0.445682675
297360412	2779476739	0.505889833
297360412	21547014	0.432451129
297360412	29122968	0.504207432
297360412	8505890	0.425796747
297360418	554144382	0.322228819
297360418	95457728	0.307172656
297360477	2779200813	0.5466998
297360477	2776369090	0.568947136
297360477	2775849661	0.5834207
297360477	2778688723	0.573775053
297360477	2778218060	0.5221101
297360477	2779153319	0.6192627
297360477	2776952824	0.5284305
297360477	98274493	0.370004684
297360477	2777423364	0.6602796
297360477	86803240	0.305408239
297360483	59269818	0.60203135
297360483	144133560	0.4089442
297360483	56739046	0.460300863
297360483	547231352	0.649187744
297360483	51067260	0.5912933
297360483	2776893095	0.554809868
297360483	16443162	0.5634862
297360483	120912362	0.54055357
297360483	2778048005	0.669945061
297360483	47177190	0.5025534
297360483	19417346	0.448654115
297360490	41008148	0.39695093
297360490	95491727	0.532593
297360490	31258907	0.439463973
297360490	555944384	0.5862624
297360490	76155785	0.433258176
297360495	142724271	0.401003569
297360495	71924100	0.3598738
297360523	142362112	0.330990076
297360523	554144382	0.359000117
297360536	2779559962	0.405536771
297360536	2780870201	0.573133051
297360536	71924100	0.238836557
297360570	41008148	0.411552131
297360570	118643609	0.4998458
297360570	56739046	0.445012361
297360570	2779390046	0.444744617
297360570	19417346	0.435424775
297360570	49774154	0.4463106
297360570	2781285556	0.4929951
297360570	26258499	0.611446559
297360570	110875604	0.484433353
297360570	88610354	0.495154142
297360570	2776716048	0.573810458
297360570	2776994406	0.472875357
297360678	199343813	0.325534284
297360678	192562407	0.254956037
297360678	190253527	0.369612
297360678	45504901	0.4795296
297360678	186311912	0.537387133
297360679	191935318	0.463563919
297360679	33842695	0.6030492
297360679	120009192	0.49313435
297360679	1337776	0.427939445
297360679	137996800	0.5031104
297360679	205649164	0.358791441
297360679	50522688	0.453359
297360709	38014559	0.576060832
297360709	159456220	0.648965061
297360709	56739046	0.4497448
297360709	41008148	0.42155838
297360709	48164120	0.467795074
297360709	19417346	0.452061355
297360728	192028432	0.6349184
297360728	99016210	0.670169652
297360728	157692150	0.664323866
297360728	23123220	0.456033528
297360728	192939062	0.6836485
297360728	96956885	0.6459636
297360728	118689300	0.7206001
297360728	24755975	0.590394139
297360728	164120249	0.677866638
297360728	124101348	0.43777734
297360728	41008148	0.384164721
297360738	2778494684	0.5148848
297360738	159047783	0.401097178
297360738	203014093	0.401298851
297360738	71924100	0.370892644
297360769	61434518	0.376776576
297360769	2777043721	0.547340631
297360769	2777546739	0.424392283
297360769	71924100	0.294712931
297360800	180205008	0.405370623
297360800	3079626	0.4712568
297360800	201665358	0.502024055
297360800	114852677	0.560038269
297360800	44221107	0.5153194
297360800	62520636	0.4693972
297360800	71083448	0.6267071
297360800	121332964	0.433299482
297360800	182449105	0.563347757
297360834	2776365360	0.490079671
297360834	88160329	0.5095889
297360834	90195498	0.467214942
297360834	2776640376	0.442413747
297360834	161176658	0.424556881
297360834	107872376	0.38823238
297360834	39432304	0.363681972
297360834	550074936	0.402407885
297360834	521259446	0.482074529
297360834	2779033964	0.4312443
297360863	82339955	0.576768
297360863	2777801237	0.5683699
297360863	178790620	0.341948569
297360863	192562407	0.358885944
297360870	554144382	0.3653712
297360870	142362112	0.3360568
297360959	552854447	0.5224465
297360959	129047720	0.5950095
297360959	168763156	0.6909233
297360959	168741863	0.445620924
297360959	118518473	0.5435555
297360959	97137747	0.453736246
297360959	557418111	0.7059004
297360959	48824518	0.4467174
297360959	205649164	0.391213059
297361054	138885662	0.2601287
297361054	554144382	0.28539443
297361099	134559154	0.418128669
297361099	2778202681	0.5356868
297361099	41895202	0.415859759
297361099	2776853841	0.443845719
297361099	19417346	0.415909857
297361099	10050518	0.462757617
297361099	41008148	0.377452165
297361103	2776515129	0.45848152
297361103	199539241	0.410951018
297361103	110875604	0.614016056
297361103	2778719706	0.47148025
297361103	83849155	0.5322037
297361103	101780184	0.455898434
297361103	2777834853	0.4630062
297361103	148834064	0.5506055
297361103	83009810	0.4533508
297361103	144024400	0.388928324
297361158	26760741	0.384844631
297361158	2780551918	0.634344757
297361158	77805123	0.4611835
297361158	2778160207	0.4828252
297361158	15744967	0.413425446
297361201	178802073	0.402948648
297361201	139059822	0.463487834
297361201	146978453	0.426962763
297361201	32833848	0.395725518
297361201	127413603	0.361793
297361211	97683284	0.5025316
297361211	2781341389	0
297361211	20381859	0.446373016
297361211	171146098	0.413682729
297361211	89227174	0.477367282
297361211	2780743171	0.3636395
297361211	78600449	0.549586236
297361211	199639397	0.3709672
297361211	161067210	0.4696869
297361211	44012409	0.449950576
297361211	127413603	0.345673651
297361276	132668919	0.383917958
297361276	79420006	0.490933925
297361276	117896860	0.540600657
297361276	22251595	0.428748459
297361276	74650414	0.394507945
297361276	523889960	0.4035092
297361276	127413603	0.260174036
297361292	144024400	0.4219065
297361292	19417346	0.444268554
297361292	140696310	0.562870443
297361292	108771440	0.548196733
297361315	71750763	0.5614693
297361315	5395021	0.5043421
297361315	80984254	0.595002055
297361315	106432739	0.6081526
297361315	17744445	0.444352627
297361315	10050518	0.544395745
297361315	19417346	0.453215957
297361324	59822182	0.326212764
297361324	2775971283	0.7240696
297361324	86803240	0.3112871
297361324	151719136	0.402864844
297361324	554144382	0.390364826
297361441	24326235	0.401513338
297361441	192562407	0.44235307
297361441	521977710	0.4311646
297361441	159985019	0.397998035
297361448	2778004798	0.385874718
297361448	2777200299	0.420585662
297361448	112698675	0.4177605
297361448	127413603	0.349244
297361507	1862650	0.411755979
297361507	71924100	0.382624924
297361523	1491633281	0.456106842
297361523	193363816	0.4456863
297361523	2779222958	0.479126543
297361523	55493867	0.423101723
297361523	2776428949	0.5504611
297361523	41625074	0.489487827
297361523	153911025	0.430387169
297361523	86803240	0.305119276
297361541	2780886089	0.416347921
297361541	59822182	0.352607
297361541	2776201343	0.411177665
297361541	2778004101	0.3600274
297361541	2778261524	0.458001018
297361541	86803240	0.283076435
297361561	2780235499	0.457637817
297361561	161921814	0.5780056
297361561	171146098	0.374433726
297361561	105339364	0.379171073
297361561	127413603	0.3216432
297361630	173651095	0.420294017
297361630	144027150	0.433380663
297361630	24461792	0.5251838
297361630	206139338	0.5155312
297361630	6557445	0.447397828
297361630	127413603	0.335359782
297361751	513891491	0.5634349
297361751	3116431	0.4446652
297361751	2776212398	0
297361751	17744445	0.4731474
297361774	10187730	0.5484566
297361774	47768531	0.460474879
297361774	2776786559	0.599463642
297361774	2780105426	0.5858483
297361774	36289849	0.46131283
297361774	144024400	0.458071828
297361774	2781023928	0.4870049
297361883	47768531	0.4445495
297361883	73269764	0.422453135
297361883	2777113782	0.5310807
297361883	203133693	0.550519645
297361883	27574286	0.402125776
297361883	155405519	0.424113125
297361883	148834064	0.5452371
297361883	17744445	0.444903046
297361883	94625758	0.5135033
297361939	2781429187	0.5807068
297361939	520601542	0.545017242
297361939	142724271	0.4180151
297361939	203014093	0.4145576
297361939	554978557	0
297361939	71924100	0.3791248
297361979	165082838	0.447055161
297361979	186348155	0.433689266
297361979	135402231	0.405143261
297361979	44154836	0.425992548
297361979	158622935	0.401032984
297361979	84174578	0.440119773
297361979	76969082	0.441770762
297361979	127413603	0.3768066
297362014	179133015	0.4724391
297362014	128850910	0.577904344
297362014	16920402	0.490859658
297362014	151714948	0.5021498
297362014	187395273	0.574471056
297362014	2776095079	0.4905533
297362014	144024400	0.467102975
297362014	36289849	0.467667848
297362014	2780613260	0.4156776
297362014	94625758	0.4424087
297362105	144027150	0.4401035
297362105	39432304	0.351867437
297362105	6557445	0.429139763
297362132	155794727	0.403357625
297362132	159047783	0.3886109
297362132	2779078197	0.6255738
297362132	2776460866	0.4109052
297362132	135763542	0.396096647
297362132	2777965673	0.442990661
297362132	86803240	0.343097627
297362193	162754035	0.7171484
297362193	141712126	0.7495254
297362193	37770574	0.689890444
297362193	199364280	0.6546627
297362193	195094911	0.452557355
297362193	179299601	0.661329746
297362193	11066294	0.7922649
297362193	207505557	0.6588394
297362193	124101348	0.446505755
297362193	144133560	0.4284223
297362193	57252376	0.6547868
297362230	135320971	0.48397845
297362230	184720557	0.481066346
297362230	181330731	0.447658956
297362230	311688	0.493782341
